File 1: ./packets/packet_0000.bin
Content (1460 bytes):

4d 53 33 20 4d 44 01 00 d8 0d 00 00 47 46 01 00
9c 05 00 00 00 00 00 00 c2 4d 2b 01 3e 4e 2b 01
eb 4d 17 41 a6 4d 16 01 ca 4d 1e 01 6a 4f 2b 01
2a 50 2a 01 8e 50 2a 01 fd 50 2c 01 64 51 2b 01
d3 51 2a 01 46 52 2a 01 b3 52 25 01 31 53 25 01
a6 53 25 01 1c 54 25 01 9f 54 26 01 18 55 26 01
9b 55 26 01 1f 56 27 01 9f 56 28 01 29 57 27 01
b0 57 29 01 40 58 2a 01 cd 58 28 01 68 59 27 01
fa 59 27 01 8f 5a 27 01 2c 5b 28 01 cd 5b 27 01
d4 46 2e 01 7a 46 35 01 18 46 36 01 b6 45 37 01
57 45 37 01 18 45 38 01 b6 44 38 01 5f 44 38 01
00 44 37 01 b2 43 38 01 59 43 38 01 03 43 38 01
b3 42 38 01 65 42 38 01 42 42 3a 01 42 42 39 01
b2 42 1b 01 43 43 22 01 33 6a 22 01 26 6b 21 01
1b 6c 20 01 17 6d 20 01 1f 6e 20 01 2c 6f 1e 01
3f 70 1d 01 4f 71 1d 01 70 6d 25 01 59 6d 25 01
59 74 0e c1 40 9c 0b 03 40 9c 00 03 40 9c 00 03
40 9c 00 03 40 9c 00 03 40 9c 00 03 40 9c 00 03
40 9c 00 03 40 9c 00 03 40 9c 0c 03 c5 73 25 01
56 73 25 01 f6 72 26 01 93 72 26 01 2e 72 25 01
29 72 25 01 c9 72 15 01 1d 74 1e c1 1b 7f 20 01
e1 7e 20 01 84 7e 1f 01 f8 7d 14 c1 36 7e 18 01
2a 7f 15 01 40 9c 00 03 40 9c 00 03 40 9c 00 03
40 9c 00 03 40 9c 00 03 ce 1a 43 01 e4 1a 44 01
da 19 49 01 b5 19 4f 01 a9 19 50 01 a4 19 52 01
95 19 52 01 80 19 52 01 6d 19 52 01 55 19 51 01
49 19 53 01 38 19 53 01 2c 19 53 01 1a 19 53 01
0f 19 53 01 02 19 53 01 f7 18 53 01 ea 18 54 01
dc 18 54 01 ce 18 54 01 c6 18 54 01 bb 18 54 01
b1 18 54 01 a4 18 53 01 9b 18 53 01 94 18 54 01
87 18 56 01 78 18 56 01 73 18 56 01 66 18 56 01
5e 18 55 01 56 18 52 01 4c 18 55 01 43 18 55 01
41 18 55 01 a3 15 4c 01 a2 15 53 01 a6 15 46 01
f8 1b 46 41 c8 15 46 01 c4 15 54 01 c0 15 53 01
c0 15 0f 01 d0 1e 4d 01 d0 1e 4d 01 b4 1e 23 01
b4 1e 4f 01 9f 17 4c 01 9c 17 51 01 a2 17 3b 01
94 1c 49 01 94 1c 49 01 94 15 0a 01 90 15 55 01
84 15 58 01 84 15 51 01 75 1e 52 01 a5 1e 42 01
40 9c 15 03 40 9c 15 03 40 9c 14 03 40 9c 14 03
40 9c 14 03 40 9c 10 43 40 9c 14 43 40 9c 15 03
40 9c 15 03 92 1c 27 01 34 1b 4a 41 77 17 52 01
82 17 52 01 40 9c 14 03 40 9c 13 03 40 9c 00 03
cb 1e 1e 01 b8 1e 4e 01 bc 1e 4a 01 40 9c 14 03
3c 1a 1c 01 33 1a 1d 01 9a 15 37 01 84 15 53 01
87 15 52 01 40 9c 13 03 40 9c 00 03 40 9c 00 03
40 9c 0f c3 40 9c 14 03 40 9c 14 03 40 9c 13 03
40 9c 13 43 40 9c 13 03 40 9c 13 03 40 9c 14 43
40 9c 0e 03 40 9c 00 03 40 9c 12 03 40 9c 15 43
40 9c 0d 03 40 9c 0a 03 40 9c 00 03 40 9c 18 03
18 9b 12 01 04 9b 0d c1 04 9b 0b c1 9b 9b 0e 41
9b 9b 11 41 ae 9b 09 c1 e2 99 09 c1 40 9c 00 03
40 9c 00 03 40 9c 00 03 40 9c 00 03 40 9c 00 03
40 9c 00 03 40 9c 00 03 f7 4f 09 01 e8 4f 27 01
be 4e 27 01 52 4e 25 01 c8 4d 26 01 ae 4d 35 01
bc 4d 35 01 05 4e 34 01 54 4e 35 01 9e 4e 35 01
eb 4e 34 01 38 4f 34 01 80 4f 34 01 cc 4f 34 01
1a 50 1c 01 97 5e 1c 01 cb 5d 15 01 e8 5c 26 01
e8 5c 28 01 e2 5b 27 01 f2 5b 1b 01 67 5c 28 01
1a 5e 28 01 6a 5e 27 01 c0 5e 23 01 5b 61 22 01
ae 60 20 01 04 58 1d 01 44 57 1f 01 cc 55 21 01
ca 54 26 01 e5 53 26 01 17 53 2c 01 ce 52 36 01
bd 52 36 01 c6 52 34 01 36 52 2d 01 5f 51 23 01
b3 49 23 01 19 49 19 01 eb 48 25 01 fc 48 26 01
63 49 26 01 e1 49 25 01 f6 4c 22 01 40 9c 0b 03
f0 4b 27 01 fc 4b 2b 01 65 4c 2a 01 d8 4c 2a 01
56 4d 2b 01 1c 4d 2b 01 88 4c 2b 01 44 4b 2b 01
1f 4b 2f 01 ab 48 2e 01 42 48 35 01 d4 47 35 01
69 47 35 01 08 47 38 01 f1 46 3d 01 f3 46 3d 01
fb 46 3b 01 a5 47 2e 01 3a 47 2e 01 e8 46 2d 01
69 44 1c 01 69 44 14 01 9b 44 17 41 fa 44 27 01
bf 44 2f 01 ce 44 34 01 81 44 34 01 20 44 34 01
c5 43 35 01 6b 43 35 01 9f 42 35 01 38 42 31 01
e5 41 31 01 92 41 31 01 3d 41 30 01 eb 40 30 01
97 40 32 01 50 40 32 01 01 40 32 01 b8 3f 33 01
68 3f 33 01 24 3f 33 01 df 3e 32 01 97 3e 32 01
53 3e 31 01 11 3e 31 01 ce 3d 30 01 8d 3d 30 01
50 3d 30 01 10 3d 2f 01 d8 3c 31 01 9a 3c 32 01
5b 3c 32 01 27 3c 32 01 f1 3b 35 01 be 3b 35 01
1b 33 30 01 1b 33 1d 01 ff 32 2b 01 33 01 1a 41
25 01 0d c1 21 01 0f c1 30 01 14 01 30 01 18 01
42 01 1f 01 4d 01 25 01 55 01 39 01 55 01 52 01
53 01 57 01 4f 01 57 01 4f 01 54 01 58 01 50 01
60 01 50 01 67 01 50 01 6c 01 50 01 70 01 50 01
75 01 4f 01 7e 01 4f 01 83 01 4e 01 88 01 4e 01
92 01 4e 01 8f 01 4c 01 97 01 36 01 9d 01 15 01
c4 01 1a 01 d6 01 22 01 ea 01 43 01 e7 01 57 01
e6 01 58 01 ee 01 55 01 f7 01 50 01 02 02 51 01
11 02 51 01 1e 02 50 01 29 02 4f 01 19 02 3c 01
7a 37 3c 01 64 37 3c 01 4a 37 3b 01 3a 37 3b 01
27 37 3a 01 15 37 3a 01 e7 29 39 01 e7 29 33 01
6b 00 2c 41 5f 00 0a c1 57 00 0c c1 54 00 0d c1
54 00 0f c1

File 2: ./packets/packet_0001.bin
Content (696 bytes):

4d 53 33 20 4d 44 01 00 d8 0d 00 00 47 46 01 00
38 0b 00 00 00 00 00 00 58 00 10 c1 51 00 11 c1
57 00 14 01 5e 00 16 01 5d 00 18 01 5d 00 19 01
61 00 1a 01 60 00 1c 01 61 00 1e 01 5d 00 20 01
68 00 23 01 6c 00 27 01 70 00 30 01 7a 00 39 01
7f 00 40 01 7d 00 48 01 77 00 4c 01 71 00 4d 01
71 00 4e 01 73 00 4e 01 72 00 4f 01 6f 00 4f 01
6f 00 4f 01 6f 00 4f 01 6f 00 4f 01 70 00 4f 01
6f 00 4f 01 70 00 4e 01 6c 00 4e 01 01 00 00 00
5a 00 00 00 00 00 00 00 00 60 00 e0 ff ff ff 0f
00 00 00 00 00 00 00 00 00 00 00 00 00 00 00 00
00 00 00 00 00 00 00 00 00 00 00 00 00 00 00 00
00 00 00 00 00 00 00 00 00 00 00 00 00 00 00 00
00 00 00 00 00 00 00 00 00 00 00 00 00 00 00 00
00 00 00 00 00 00 00 00 00 00 00 00 00 00 5a 00
00 00 00 00 00 00 00 00 00 e0 ff ff 80 0f 00 00
00 00 00 00 00 00 00 00 00 00 00 00 00 00 00 00
00 00 00 00 00 00 00 00 00 00 00 00 00 00 00 00
00 00 00 00 00 00 00 00 00 00 00 00 00 00 00 00
00 00 00 00 00 00 00 00 00 00 00 00 00 00 00 00
00 00 00 00 00 00 00 00 00 00 00 00 00 00 00 00
00 00 00 00 00 00 00 00 00 00 00 00 00 00 00 00
00 00 00 00 00 00 00 00 00 00 00 00 00 00 00 00
00 00 00 00 00 00 00 00 00 00 00 00 00 00 00 00
00 00 00 00 00 00 00 00 00 00 00 00 00 00 00 00
00 00 00 00 00 00 00 00 00 00 00 00 00 00 00 00
00 00 00 00 01 00 00 00 aa 00 00 00 ff ff 00 00
00 00 00 00 00 00 00 00 00 00 00 00 00 00 00 00
00 00 00 00 00 00 00 00 00 00 00 00 00 00 00 00
00 00 00 00 00 00 00 00 00 00 00 00 00 00 00 00
00 00 00 00 00 00 60 b3 00 00 00 00 00 00 00 00
00 00 01 01 00 00 00 00 00 00 00 00 00 00 00 00
00 00 00 00 00 00 00 00 00 00 00 00 00 00 00 00
00 00 00 00 00 00 00 00 00 00 00 00 00 00 00 00
00 00 00 00 00 00 00 00 00 00 00 00 00 00 00 00
00 00 00 00 00 00 00 00 02 00 00 00 03 00 80 00
01 00 00 00 00 00 00 00 00 00 00 00 00 00 00 00
00 00 00 00 00 00 00 00 00 00 00 00 00 00 00 00
00 00 00 00 00 00 00 00 01 00 00 00 01 00 00 00
00 00 de 5c 00 00 00 00 00 00 00 00 00 00 00 00
00 00 00 00 00 00 00 00 00 00 00 00 00 00 00 00
00 00 00 00 00 00 00 00 00 00 00 00 00 00 00 00
00 00 00 00 00 00 00 00 00 00 00 00 00 00 00 23
00 00 00 00 00 00 00 00

File 3: ./packets/packet_0002.bin
Content (1460 bytes):

4d 53 33 20 4d 44 01 00 d8 0d 00 00 48 46 01 00
00 00 00 00 00 00 00 00 52 02 00 00 94 85 65 01
94 85 65 01 00 00 00 00 48 46 01 00 08 4b 01 00
00 00 00 00 8f c6 32 00 4c 00 10 00 60 00 18 00
7c 00 30 0b b0 0b 14 01 c8 0c 08 01 00 00 00 00
00 00 00 00 00 00 00 00 00 00 00 00 00 00 00 00
01 00 00 00 01 00 00 00 00 00 00 00 00 00 01 00
00 00 00 00 01 00 00 00 01 00 cb 02 28 00 00 00
00 00 20 f4 5d a6 18 00 2b 00 00 00 a8 a9 49 00
01 00 00 00 cb 02 00 00 6e 00 50 01 6e 00 50 01
70 00 50 01 6e 00 50 01 6e 00 51 01 6f 00 51 01
6f 00 52 01 73 00 52 01 73 00 54 01 74 00 55 01
77 00 55 01 7b 00 57 01 8a 00 58 01 8f 00 5a 01
93 00 5b 01 a9 00 5b 81 e6 00 5c 81 18 01 5d 81
47 01 5c 81 59 01 5b 81 59 01 5c 81 69 01 5d 81
5f 01 5d 81 66 00 50 01 66 00 21 01 68 00 1c 01
62 00 19 01 5b 00 23 01 7b 00 3e 81 7a 01 3e 81
c0 02 43 41 bc 03 46 01 c2 03 45 01 c5 03 44 01
c3 03 44 01 c3 03 3e 01 db 03 13 01 40 9c 00 03
2c 04 19 01 2c 04 33 01 26 04 35 01 c9 03 43 01
c7 03 4a 01 c6 03 4b 01 ca 03 49 01 c9 03 30 01
40 9c 00 03 40 9c 00 03 29 24 11 41 9f 23 11 c1
b0 22 0b 01 b0 22 0a 01 40 9c 00 03 40 9c 00 03
40 9c 00 03 40 9c 00 03 40 9c 00 03 c6 01 2e 01
d2 01 37 01 d8 01 38 01 d6 01 3a 01 d5 01 3e 01
d8 01 3f 01 dd 01 42 01 cb 01 42 01 bd 01 40 01
b3 01 3e 01 b3 01 38 01 b6 01 38 01 b6 01 38 01
b9 01 37 01 b9 01 37 01 bb 01 37 01 b6 01 34 01
b6 01 16 01 e5 01 1d 01 e5 01 26 01 18 02 26 01
28 02 28 01 81 02 2c 01 b1 02 33 01 91 02 35 01
7f 02 38 01 44 02 38 01 fb 01 41 01 e8 01 42 01
de 01 3c 01 de 01 3b 01 e3 01 3c 01 e5 01 3c 01
df 01 38 01 df 01 21 01 6e 04 36 01 75 04 3d 01
86 04 3d 01 40 9c 00 03 ad 26 0f 41 a8 26 10 41
b0 26 0d c1 de 26 0d c1 83 27 0c c1 40 9c 00 03
40 9c 00 03 40 9c 0c 03 ce 28 10 c1 58 28 12 c1
10 28 11 c1 b3 27 10 c1 65 27 12 41 3a 27 1c 01
08 27 21 01 c8 26 24 01 7f 26 27 01 3a 26 2b 01
18 26 2b 01 22 26 1f 81 41 26 17 c1 41 26 15 c1
40 9c 00 03 1e 2a 0c c1 c6 29 12 41 4e 29 12 c1
20 29 12 c1 f8 28 0e c1 bf 28 14 01 98 28 1d 01
54 28 1e 01 10 28 1c 01 f4 27 16 c1 31 40 19 01
d4 3f 17 01 7d 3f 1f 01 14 3f 1f 01 ac 3e 17 c1
d4 02 37 01 e3 02 3b 01 e8 02 3f 01 e7 02 42 01
ec 02 37 01 ea 02 2e 01 e5 02 2c 01 e3 02 36 01
e0 02 36 01 d2 02 3f 01 ca 02 4d 01 ca 02 49 01
ca 02 3c 01 e9 02 51 01 25 03 53 01 27 03 53 01
25 03 52 01 20 03 52 01 07 03 57 01 fa 02 57 01
fd 02 4c 01 0e 03 47 01 09 03 3a 01 09 03 13 01
ad 37 25 01 70 37 2e 01 e3 36 30 41 68 35 2f 01
68 35 29 01 90 35 2c 41 50 34 25 01 0c 34 23 01
00 34 28 81 a1 33 28 81 7c 33 27 81 7c 33 25 81
29 35 29 01 4e 35 35 01 06 35 3a 01 d9 34 39 01
b0 34 3a 01 86 34 3a 01 5e 34 3a 01 3d 34 3a 01
17 34 3a 01 f0 33 3a 01 cb 33 3a 01 a6 33 3b 01
89 33 3b 01 62 33 3c 01 47 33 3c 01 25 33 3c 01
06 33 3c 01 e4 32 3d 01 c9 32 3d 01 ac 32 3d 01
8f 32 3d 01 71 32 3d 01 58 32 3e 01 3b 32 3e 01
1e 32 3e 01 04 32 3e 01 eb 31 3e 01 cf 31 3e 01
bf 31 42 01 bf 31 43 01 bb 31 43 01 a5 31 42 01
90 31 43 01 7a 31 43 01 64 31 43 01 53 31 42 01
3e 31 42 01 2f 31 42 01 01 31 41 01 e2 30 41 01
d8 30 40 01 ca 30 3e 01 a3 30 3c 01 92 30 38 01
92 30 38 01 69 31 1f 01 68 32 1b 01 f4 2f 1a 01
f4 2f 21 01 e5 2f 31 01 95 2f 3e 81 95 2f 3e 81
42 31 00 01 fc 2d 33 01 fb 2d 37 01 1e 2e 34 01
6a 2e 2b 01 34 2e 2d 01 08 2e 35 01 0b 2e 2e 01
7b 40 2e 01 76 40 2d 01 72 40 2d 01 e9 37 2d 01
d8 37 1b 01 c1 37 20 01 ae 37 27 01 a4 35 27 01
a4 35 34 01 6b 40 2e 01 6f 40 28 01 63 3c 29 01
4a 3c 30 01 00 37 30 01 1f 37 28 01 f3 36 37 01
d3 36 36 01 c8 36 35 01 23 37 28 01 6e 3d 29 01
55 3d 2c 01 81 34 20 01 23 34 34 01 22 34 36 01
ad 32 38 41 ad 32 2c 41 5f 34 3d 01 90 37 40 01
8a 37 4f 01 22 37 4f 01 22 37 42 01 5e 37 42 01
6b 37 40 01 7a 37 40 01 86 37 3c 01 d1 37 37 01
55 37 29 c1 fd 36 0d c1 9c 36 0b c1 0d 36 1c 01
cd 35 3b 01 90 35 3b 01 10 35 39 01 a6 34 3d 01
4a 34 3f 01 22 34 42 01 22 34 42 01 50 34 3d 01
b2 34 3c 01 ff 34 39 01 11 43 31 01 32 43 31 01
51 43 31 01 77 43 32 01 9b 43 32 01 bc 43 30 01
e9 43 31 01 0d 44 31 01 38 44 31 01 62 44 31 01
8b 44 30 01 b5 44 2e 01 e2 44 2f 01 0e 45 31 01
42 45 31 01 73 45 31 01 a2 45 31 01 d2 30 30 01
c7 30 33 01 cb 30 37 01 ed 30 34 01 59 31 39 01
53 31 3d 01 53 31 3a 01 50 47 31 01 90 47 32 01
c8 47 32 01 09 48 31 01 69 48 32 01 80 48 33 01
c5 48 32 01 09 49 2f 01 48 49 2f 01 93 49 2f 01
d9 49 2f 01 06 4a 30 01 58 4a 2f 01 99 4a 2f 01
e8 4a 2f 01 39 4b 2f 01 89 4b 2f 01 d8 4b 2e 01
29 4c 2e 01 7e 4c 2e 01 d2 4c 2d 01 1b 4d 2a 01
6a 4d 27 01
